19.1044921875 6.64347290993 20 16.8333333333
9.3701171875 2.1510412693 3 17.1666666667
14.9482421875 5.47452759743 20 16.8333333333
19.9951171875 6.6666662693 20 20.0
10.8403320312 5.14636766911 20 4.5
19.4638671875 6.6500647068 20 18.5833333333
19.9951171875 6.6666662693 20 20.0
7.0810546875 1.59543824196 1 12.0833333333
19.9951171875 6.6666662693 20 20.0
19.9951171875 6.6666662693 20 20.0
1.82470703125 0.649816155434 2 1.58333333333
2.04077148438 0.594018280506 2 4.5
17.8078613281 6.40095514059 20 12.9166666667
5.75634765625 1.52083826065 1 4.25
7.97631835938 1.61940509081 1 8.91666666667
19.9951171875 6.6666662693 20 20.0
4.81201171875 0.96549475193 2 5.0
10.9951171875 2.1666662693 2 18.5
19.9951171875 6.6666662693 20 20.0
1.8564453125 0.646147012711 2 7.5
19.9951171875 6.6666662693 20 20.0
14.892578125 5.47443699837 20 13.6666666667
1.00903320312 0.333337843418 1 2.58333333333
19.9951171875 6.6666662693 20 20.0
19.0952148438 6.64346837997 20 15.25
